71206427
0001123541
92039708_9710
0060029036
81619511_9513
89386032
0001209043
0060262650
0001129658
0060165115
0060007216
00093726
00836244
0060094595
80728670
92327794
00922237
92298125
12825369
92586242
0001463448
0060302201
91391286
0060308461
81619486_9488
0071032790
0060080406
0012529284
0060036622
71190280
93455715
87682908
91356315
87533049
0060308251
01122115
71601299
93329540
0000990274
71563825
0060255888
0000989556
0011505151
00070353
0012529295
81574683
0060136394
0030031163
81749056_9057
660978
0060214859
92091873
71202511
92657391
11508234
0011973451
91355841
0001476912
00920294
0001438955
01073843
0011856542
93213298
0012178355
89867723
92433599_92433601
87672097
91315069_91315070
0060077689
0060000813
92081358_1359
0071032807
01197604
71366499
11875011
91104867
91391310
0011899960
81186212
82254638
01150773_01150774
00920222
92314414
00838511_00838525
716552
91372360
71341634
91856041_6049
00040534
89368010
91914407
0060024314
00866042
12603270
0012602424
80718412_8413
88547278_88547279
0000971160
13149651
0060091229
91939637
0011859695
00851772_1780
80707440_7443
0012947358
88057519
71108371
91903177
91581919
0013255595
92657311_7313
0060173256
0001477983
92094751
0030041455
93380187
93351929_93351931
01191071_1072
0011976929
0060207528
0000999294
00851879
0001485288
0012199830
00865872
91361993
00283813
0001118259
91974562
0060025670
12052385
0060068489
0001456787
91161344_91161347
0060270727
01408099_01408101
0011974919
00837285
89817999_8002
00836816
0001239897
81310636
92094746
0011838621
00860012_00860014
0011845203
0011906503
0001463282
80310840a
